35129670 the	951
35160321 rowspan2	920
35190589 of	857
35160321 stylefontsize60	824
35129670 to	702
35129670 a	689
35160321 bgcolorfaf8f8	590
35160321 bgcolorf4f4f5	551
35129670 and	479
35186163 dyscolus	448
35129670 of	444
35160321 stylefontsize70	348
35122836 38	348
35186942 0	315
35133583 bacterium	307
35190589 in	296
35129670 in	268
35177667 the	258
35225081 0	253
35093967 free	221
35193566 0	219
35206656 street	218
35193166 0	218
35206656 moose	204
35129670 for	202
35129670 on	200
35190589 the	174
35129670 crew	166
35129670 air	163
35129670 with	160
35197062 platynus	159
35129670 date	156
35196416 neocolpodes	155
35129670 original	154
35122836 11	152
35211947 language	147
35206656 the	141
35129670 his	140
35190589 constantinoplepatriarch	140
35129670 log	136
35210887 language	136
35133583 lactobacillus	135
35183058 blackburnia	134
35129670 swamp	132
35129670 rygaard	128
35129670 logs	127
35210887 russia	125
35177667 kentucky	124
35168965 0	123
35196272 of	122
35122836 9	121
35177667 indiana	121
35122836 10	120
35129670 man	114
35190589 alexandriapope	114
35133583 cheese	113
35186163 chaudoir	111
35196272 in	110
35129670 up	109
35122836 13	109
35122836 14	109
35122836 12	109
35210887 endangered	107
35206656 west	106
35226112 platyderus	105
35214448 0	105
35129670 as	104
35160321 stylefontsize7pt	103
35160321 colspan5	103
35129670 site	103
35186163 moret	102
35196743 orthotrichus	101
35225081 1	100
35197950 the	99
35112190 of	97
35177667 in	97
35129670 an	97
35122836 17	97
35122836 15	97
35212266 language	92
35129670 after	92
35129670 shelby	90
35177667 and	90
35122836 8	90
35129670 that	89
35112190 the	88
35186163 1878	87
35206656 of	87
35186569 0	87
35113348 the	87
35133583 fungus	86
35211316 minister	86
35129670 at	85
35129670 from	83
35112190 and	83
35211947 endangered	83
35177667 to	82
35193566 1	82
35196563 notagonum	82
35190589 church	82
35129670 but	82
35190589 alexandriapatriarch	81
35169163 praise	81
35122836 16	81
35190589 i	80
35196272 oblast	80
35169163 guitar	80
35186163 bates	80
35129670 new	79
35190589 ii	77
35160321 cd	76
35177667 of	75
35122836 7	75
35196987 stadium	75
35210108 lnp	75
35208207 the	74
35211316 for	74
35158541 released	72
35226302 pristosia	72
35129670 by	72
35129670 ss	71
35122836 6	71
35160321 country	71
35196272 a	70
35129670 papac	70
35129670 out	70
35129670 it	70
35177667 a	69
35122836 18	69
35129670 down	69
35212266 endangered	68
35206656 toronto	67
35136190 hai	66
35202662 m	66
35206656 centre	66
35122836 19	66
35196416 basilewsky	65
35186163 perrault	65
35213377 the	65
35129670 boat	65
35112190 museum	64
35122836 r	64
35172109 11	63
35211316 and	62
35146558 the	62
35160321 y	62
35176313 sidekicks	62
35205525 2	62
35202662 swimming	61
35112190 art	61
35176313 dallas	61
35123368 tamil	61
35177667 december	60
35122967 episyron	60
35206656 bay	60
35129670 job	59
35122836 20	59
35122836 5	59
35196416 1985	58
35129670 him	58
35129670 their	58
35197390 rhadine	58
35129670 he	58
35196272 rural	58
35129670 off	58
35194407 liagonum	57
35133607 sidekicks	57
35129670 gabe	57
35183297 colpodes	57
35133607 dallas	57
35211947 vulnerable	56
35114107 the	55
35190589 john	55
35160321 and	55
35206656 yonge	55
35139118 of	54
35122836 team	54
35193166 1	54
35183058 sharp	54
35183058 1903	54
35129670 while	54
35129670 into	53
35190589 and	53
35114107 in	53
35126621 gold	53
35129670 yarder	53
35192131 1	52
35193566 2	52
35169963 1	52
35177667 game	52
35129670 its	51
35129670 joe	51
35139996 1	51
35168965 1	51
35169163 stryper	51
35197950 of	50
35208207 she	50
35210887 definitely	50
35129670 day	50
35214225 the	50
35158541 cd	50
35206656 bloor	50
35205525 1	50
35179632 bakken	50
35122836 45	49
35122836 40	49
35126125 0	49
35136190 ke	49
35093967 united	49
35129670 craig	48
35208207 and	48
35214448 1	48
35129670 dave	48
35206656 avenue	48
35122836 3	48
35205525 5	48
35196272 settlement	48
35160321 the	48
35129670 season	47
35129670 one	47
35136190 mein	46
35139606 golf	46
35172181 riaa	46
35214225 in	46
35129670 james	46
35129670 is	46
35199142 the	46
35129670 order	46
35206656 on	45
35176313 arena	45
35172181 the	45
35206656 canada	45
35177667 none	45
35122836 4	45
35197950 released	45
35122836 1	45
35186163 2005	45
35205525 3	45
35129218 1995	45
35129670 dreadknots	45
35196272 this	44
35129670 help	44
35160321 10	44
35179632 bears	44
35129670 bring	44
35196272 2010	44
35112190 vienna	43
35202662 mens	43
35177667 iu	43
35129670 tree	43
35129670 chapman	43
35206656 king	43
35205525 10	43
35205525 0	43
35129670 skyline	43
35196416 alluaud	43
35190589 iii	42
35122836 41	42
35122836 21	42
35136190 se	42
35123529 physics	42
35183058 liebherr	42
35136190 ki	42
35186163 1992	41
35133583 chocolate	41
35133607 arena	41
35122836 47	41
35122836 48	41
35139118 wife	41
35196743 basilewsky	41
35202662 womens	41
35215533 wc	41
35160321 charts	40
35129670 then	40
35179632 horsens	40
35136190 pyar	40
35129670 work	40
35129670 gets	40
35171257 11	40
35206656 east	40
35129218 1994	40
35182934 altagonum	40
35187647 shadow	40
35129670 first	39
35177667 on	39
35122836 43	39
35208207 to	39
35175337 the	39
35197950 includes	39
35195213 yalva	39
35093967 loan	38
35139606 club	38
35093967 thistle	38
35183058 2000	38
35126621 mine	38
35112190 in	38
35122836 22	38
35206656 front	38
35160321 allmusiccom	38
35112190 history	38
35160321 awards	38
35093967 athletic	37
35196416 jeannel	37
35179632 ic	37
35126125 3	37
35129670 jimmy	37
35122836 2	37
35190589 ipope	37
35102427 0	37
35093967 st	37
35139606 saskatoon	36
35129218 the	36
35186163 1993	36
35112190 stadt	36
35185821 ctenognathus	36
35122836 top	36
35197062 jedlicka	36
35129670 swilley	36
35129670 rigging	36
35122836 34	36
35192484 haupt	36
35129670 has	36
35122836 goals	36
35122836 53	36
35205525 4	36
35197950 in	36
35196721 onypterygia	36
35136190 ka	36
35206656 university	36
35089418 3	36
35158541 the	36
35225081 2	35
35192131 4	35
35123529 of	35
35177667 was	35
35179632 bk	35
35122836 42	35
35172087 coal	35
35136190 dil	35
35122836 52	35
35187647 for	35
35128226 a	35
35194040 website	35
35196594 notocolpodes	35
35192131 6	34
35215533 winner	34
35129670 pull	34
35132312 xbox	34
35190589 saints	34
35114107 a	34
35172181 gold	34
35122836 30	34
35122836 49	34
35104556 the	34
35112190 website	34
35215533 nationality	34
35215533 time	34
35190589 iipope	34
35166001 0	33
35177667 uk	33
35206656 in	33
35210108 20122015	33
35129670 find	33
35196563 darlington	33
35139242 coal	33
35129670 they	33
35211316 assistant	33
35221251 march	33
35139871 the	33
35129670 coatsy	33
35129670 landing	33
35214225 film	33
35093967 of	33
35182934 darlington	33
35194407 basilewsky	33
35129670 march	33
35122836 50	33
35186163 liebherr	33
35177667 for	33
35113348 of	33
35179632 svendborg	33
35129670 logging	32
35195213 stler	32
35186163 1882	32
35213377 of	32
35208207 hxan	32
35129670 when	32
35172181 dj	32
35173000 6	32
35183229 catacolpodes	32
35122836 39	32
35210887 severely	32
35185742 of	32
35172181 released	32
35204090 1	32
35089418 0	32
35172181 and	32
35196317 metacolpodes	31
35177667 points	31
35187647 minister	31
35129670 april	31
35122836 35	31
35206656 ontario	31
35129670 january	31
35206656 queen	31
35205525 6	31
35190589 orthodox	31
35211947 critically	31
35138800 1987	31
35193726 euplynes	30
35192131 2	30
35132312 pc	30
35211947 definitely	30
35179632 rabbits	30
35138800 h	30
35193166 6	30
35129218 john	30
35172181 platinum	30
35206656 st	30
35195213 arkikaraaa	30
35129670 keep	30
35168965 5	30
35093967 dundee	30
35126125 2	30
35126125 1	30
35122836 24	30
35206656 inc	30
35146476 of	30
35196272 oblastas	30
35129670 back	30
35204090 2	30
35212266 severely	30
35129670 browning	30
35186163 1859	29
35108844 from	29
35213377 universe	29
35129670 last	29
35096766 championship	29
35126569 coal	29
35114107 team	29
35129670 collins	29
35113348 a	29
35122836 25	29
35204555 sevens	29
35114107 of	29
35177667 season	29
35136190 na	29
35179632 randers	28
35186455 the	28
35129670 may	28
35129670 so	28
35138800 a	28
35213377 and	28
35172181 2	28
35129670 both	28
35122836 36	28
35129218 worth	28
35126125 4	28
35184915 zilla	28
35199142 in	28
35179709 kg	28
35129670 nearly	28
35197950 chart	28
35122836 51	28
35194040 of	28
35124820 the	28
35138800 1988	28
35190589 iv	28
35211316 20122015	28
35146558 punk	27
35196272 nameozerny	27
35129218 november	27
35129670 2012	27
35185742 the	27
35129670 them	27
35129670 finish	27
35129670 search	27
35168965 46	27
35112190 innere	27
35169163 pack	27
35197950 to	27
35193166 1999	27
35133583 bread	27
35168965 4	27
35122836 37	27
35122836 23	27
35129670 get	27
35136190 to	27
35175482 the	27
35158541 cassette	27
35112190 by	27
35196272 district	27
35129670 pihl	27
35183058 blackburn	27
35193166 46	27
35169163 expansion	27
35129670 have	27
35195213 eirdir	27
35136190 ho	26
35160321 morgan	26
