0
00
000
0000
001
0010
002
003
0038jpgfileskyline
004
005
006
007
0071
008
009
01
010
0102
011
012
01232008
013
014
015
016
017
017insight
018
019
01aris
01ethnikos
01jpgtrumeau
01kavala
01paok
02
020
02051985
021
022
02201985
02232008
023
023roll
024
025
026
028
029
029me
02apollon
02panathinaikos
02proodeftiki
02skoda
03
0304
0306
03072016
031
03142004
031512
031712
03172004
032012
032492nm
033382nm
038
039
0397
03panionios
03r
03released
03trikala
04
040
0400
040st
041
04110811
042
04262005
042st
0450
0450the
0459
047
0471
05
051
055
055episode
057
059
05jpg
05k
05ofi
06
060
0607
0609
060st
062
062586
063
064
064episode
069
06m
07
0708
070episode
071
073
0739
074
076episode
077
07863651112
07863665082
07863676982
078episode
079episode
08
080
0809
081
081n
083
0830pm
083episode
08911851
08sep1888
09
090118
091
0910
0912
09222012
099
0994
0az
0champions2007
0croatian
0df
0for5
0fw
0mf
0mm
1
10
100
1000
10000
100000
1000000
10000m
10001150
10002
1000ems
1000meter
1000panama
1000pm
1000th
1001
100150routes
10019
1002
10028
1003
100300
10032
10033
10034bartosz
1004
1005
10055
10066
1008
10081
1009
100foot
100kg
100km
100m
100metre
100page
100seat
100th
100track
100year
100yearold
101
1010
1010joo
1011
10110
10110see
10120the
101212298
10122010blood
101230
10124
10125
1012mm
1013
10130see
1014
10140see
101482
1015
10151
10152
1016
1017
10175
10185
1019
10191
101998
101st
102
1020
1021
102178
10218
1022
10221
10222
1023
10235
1024
10272
1029
10290
102defaultsort
103
1030
1030w
103136
10320
10337
1035
1037
103775
10382
10386
103rd
104
1040
1041
104172
104195
1042
1043
1044
1045
10462
1048
10480
10492
104th
104winning
105
1050
10501052
105075
105105
1052
1055
105515
10555
10556
1056
1057
1057739
10578hugues
10592003
105kg
105piff
106
10600
106004
10611
10614
10620
1063
10643
10647
106553
1066
1067
106th
107
10705
107099
1071
10710
107133
10738
10739
1075
10751100
1077
1078
10788
107seeds
107th
107the
108
10804
1081
108160
108163
10832
1084
1086
108season
109
1090references
1091
109100
109150
10928
1094
1095
10958
1096
1097
10972
1099oid
109c
109chapman
109mph
10acre
10band
10bandmv8000
10bandvp03
10cc
10date
10day
10displaytitlethis
10episode
10first
10gbs
10julia
10k
10km
10list
10m
10march2012
10medalistsgold
10minute
10mm
10olympiacos
10page
10team
10th
10th13th
10thcentury
10track
10wednesday
10year
10yearold
11
110
1100
11000
11002
11003
11004
11014
1103
11034
11037
1104
11040
11047
11049
110511
1106
11065
1107
1108
110kg
110th
111
1110
111000
111015
11106
111142
111163
1112
1112012references
11124
11125
11126
1112personneljussi
1113
11136
1113mm
1114
1115
1116
111600
1119
111th
112
112128
11227
1123
1124
11248
1125
11253
1128
112lb
113
1130
11302002
11302013
1130am
1131
113130
1132
1133
1134
1134william
1135
113512
1138th
114
11402
114101
1141results
114231
1145
114537
114563594
1146
11462
114th
115
1150
11500
115127
11520
1156
115km
115th
116
11611223
11612
1163
1164
1165
1166
11665
1169
116th
117
117160
117174
11746
117681
1177
11774
1179
117osimo
118
11800
118082
1181
1182
11820
11821211
1182pihl
1183
11836
118382
1184
11844
1185
118587
1185rygaard
1186
1187
1188
118900
118990
1189siderius
119
1190
119091
1191
119129
119177
11995
11band
11bradley
